Checking balance from 1920000 to 3541010
1920000	1469020839	0
1920960	1469122467	0
1921920	1469144401	0
1922880	1469161437	0
1923840	1469175163	0
1924800	1469187810	0
1925760	1469203109	0
1926720	1469218150	0
1927680	1469232604	0
1928640	1469246817	0
1929600	1469261777	0
1930560	1469279215	0
1931520	1469294061	0
1932480	1469308285	0
1933440	1469322868	0
1934400	1469338036	0
1935360	1469345475	0
1936320	1469351196	0
1937280	1469356939	0
1938240	1469362633	0
1939200	1469369271	0
1940160	1469376488	0
1941120	1469384608	0
1942080	1469396507	0
1943040	1469411690	0
1944000	1469423974	0
1944960	1469436496	0
1945920	1469451548	0
1946880	1469467442	0
1947840	1469483982	0
1948800	1469500605	0
1949760	1469513280	0
1950720	1469525249	0
1951680	1469535913	0
1952640	1469544429	0
1953600	1469552944	0
1954560	1469562083	0
1955520	1469572527	0
1956480	1469584547	0
1957440	1469597882	0
1958400	1469611738	0
1959360	1469626480	0
1960320	1469641377	0
1961280	1469657831	0
1962240	1469673650	0
1963200	1469688329	0
1964160	1469704614	0
1965120	1469717825	0
1966080	1469729123	0
1967040	1469742772	0
1968000	1469756414	0
1968960	1469770327	0
1969920	1469784651	0
1970880	1469797801	0
1971840	1469810385	0
1972800	1469823297	0
1973760	1469835740	0
1974720	1469849514	0
1975680	1469863646	0
1976640	1469877368	0
1977600	1469892567	0
1978560	1469905945	0
1979520	1469920502	0
1980480	1469935103	0
1981440	1469948920	0
1982400	1469962762	0
1983360	1469975566	0
1984320	1469987572	0
1985280	1469999961	0
1986240	1470012972	0
1987200	1470026614	0
1988160	1470040189	0
1989120	1470052335	0
1990080	1470065042	0
1991040	1470078092	0
1992000	1470090573	0
1992960	1470103811	0
1993920	1470116319	0
1994880	1470128464	0
1995840	1470140490	0
1996800	1470153092	0
1997760	1470166580	0
1998720	1470179685	0
1999680	1470192823	0
2000640	1470205785	0
2001600	1470218888	0
2002560	1470232804	0
2003520	1470246798	0
2004480	1470259932	0
2005440	1470275250	0
2006400	1470290518	0
2007360	1470304328	0
2008320	1470318945	0
2009280	1470334471	0
2010240	1470348502	0
2011200	1470363330	0
2012160	1470376581	0
2013120	1470390110	0
2014080	1470404002	0
2015040	1470417966	0
2016000	1470431270	0
2016960	1470445247	0
2017920	1470458793	0
2018880	1470471196	0
2019840	1470483846	0
2020800	1470497734	0
2021760	1470510954	0
2022720	1470524406	0
2023680	1470537897	0
2024640	1470551377	0
2025600	1470566778	0
2026560	1470581761	0
2027520	1470595464	0
2028480	1470609185	0
2029440	1470622959	0
2030400	1470637051	0
2031360	1470650150	0
2032320	1470663115	0
2033280	1470676799	0
2034240	1470690136	0
2035200	1470704505	0
2036160	1470717840	0
2037120	1470732106	0
2038080	1470747499	0
2039040	1470763224	0
2040000	1470777885	0
2040960	1470792075	0
2041920	1470805126	0
2042880	1470819090	0
2043840	1470832823	0
2044800	1470847122	0
2045760	1470861337	0
2046720	1470875296	0
2047680	1470890091	0
2048640	1470904109	0
2049600	1470915960	0
2050560	1470928292	0
2051520	1470941557	0
2052480	1470954939	0
2053440	1470968193	0
2054400	1470981972	0
2055360	1470995806	0
2056320	1471009284	0
2057280	1471022773	0
2058240	1471036762	0
2059200	1471051146	0
2060160	1471064582	0
2061120	1471078376	0
2062080	1471092387	0
2063040	1471106314	0
2064000	1471119988	0
2064960	1471133063	0
2065920	1471146734	0
2066880	1471160835	0
2067840	1471174539	0
2068800	1471188044	0
2069760	1471202009	0
2070720	1471215546	0
2071680	1471228853	0
2072640	1471243057	0
2073600	1471256399	0
2074560	1471270423	0
2075520	1471284157	0
2076480	1471297647	0
2077440	1471311814	0
2078400	1471325317	0
2079360	1471339903	0
2080320	1471353954	0
2081280	1471367524	0
2082240	1471380663	0
2083200	1471394432	0
2084160	1471407914	0
2085120	1471422194	0
2086080	1471436214	0
2087040	1471450607	0
2088000	1471463909	0
2088960	1471477489	0
2089920	1471491529	0
2090880	1471505911	0
2091840	1471519753	0
2092800	1471533971	0
2093760	1471547518	0
2094720	1471560894	0
2095680	1471574838	0
2096640	1471589066	0
2097600	1471602416	0
2098560	1471616889	0
2099520	1471630636	0
2100480	1471644294	0
2101440	1471658131	0
2102400	1471671786	0
2103360	1471685905	0
2104320	1471699446	0
2105280	1471712995	0
2106240	1471725484	0
2107200	1471739497	0
2108160	1471753170	0
2109120	1471767057	0
2110080	1471780348	0
2111040	1471794646	0
2112000	1471808122	0
2112960	1471821912	0
2113920	1471835612	0
2114880	1471849994	0
2115840	1471863136	0
2116800	1471876875	0
2117760	1471890816	0
2118720	1471904897	0
2119680	1471918767	0
2120640	1471932237	0
2121600	1471946469	0
2122560	1471960576	0
2123520	1471974832	0
2124480	1471987675	0
2125440	1472001872	0
2126400	1472016726	0
2127360	1472029355	0
2128320	1472043128	0
2129280	1472057766	0
2130240	1472072126	0
2131200	1472086050	0
2132160	1472100440	0
2133120	1472114253	0
2134080	1472128606	0
2135040	1472142318	0
2136000	1472156244	0
2136960	1472169796	0
2137920	1472184218	0
2138880	1472197758	0
2139840	1472211081	0
2140800	1472223787	0
2141760	1472238263	0
2142720	1472251938	0
2143680	1472266294	0
2144640	1472279260	0
2145600	1472292957	0
2146560	1472306577	0
2147520	1472320653	0
2148480	1472334416	0
2149440	1472348141	0
2150400	1472362131	0
2151360	1472376676	0
2152320	1472390519	0
2153280	1472403585	0
2154240	1472418067	0
2155200	1472431625	0
2156160	1472445723	0
2157120	1472459640	0
2158080	1472473333	0
2159040	1472487339	0
2160000	1472500789	0
2160960	1472514952	0
2161920	1472528892	0
2162880	1472542344	0
2163840	1472556217	0
2164800	1472570756	0
2165760	1472583866	3558297.908542861462903301
2166720	1472597296	2358349.395856216829785456
2167680	1472612323	2300811.654406025693115038
2168640	1472626207	2268599.72984847343158193
2169600	1472640200	2231974.242277441412742473
2170560	1472654629	2180476.833527101097607446
2171520	1472667777	2173426.68837000607159842
2172480	1472681756	2596289.829885611056887824
2173440	1472695974	2219981.734858442475581131
2174400	1472710352	3363251.241723373110702382
2175360	1472724072	3177647.437674281865307968
2176320	1472736982	3104246.932226520690256173
2177280	1472749165	3072096.169579814589764713
2178240	1472763293	2952571.142265674813153276
2179200	1472776550	2946831.546479140781625879
2180160	1472789835	2927853.492240937521632898
2181120	1472803398	2899705.114342785279887222
2182080	1472817228	2894622.656743341908908587
2183040	1472830747	2890004.717783930790341828
2184000	1472844154	2884108.298958622891865369
2184960	1472858574	2873967.904621526263952115
2185920	1472872514	2841311.697541718984037428
2186880	1472886712	2840987.148672960242822852
2187840	1472900116	2835967.655417851926847323
2188800	1472914701	2829342.208505660524263747
2189760	1472928869	2827851.204654851567801842
2190720	1472942875	2815840.76770955061007262
2191680	1472956676	2814225.159387284942153993
2192640	1472970478	2749352.97085074694038297
2193600	1472984095	2740015.370189353753501189
2194560	1472997388	2736190.48238642588727018
2195520	1473010935	2705815.884145688484594049
2196480	1473023906	2704888.317179650713681583
2197440	1473037083	2704011.055497924429879135
2198400	1473050610	2703064.226955331098499658
2199360	1473063956	2700133.143888509806349709
2200320	1473076882	2697332.252907817048123078
2201280	1473090675	2697270.436383246867697682
2202240	1473104498	2686682.95068305515557786
2203200	1473118417	2684878.159939277053114517
2204160	1473131603	2683600.998263184165241402
2205120	1473145200	2681549.214018442420782185
2206080	1473159218	2681503.743012015444964354
2207040	1473172943	2676620.36942494235327078
2208000	1473186337	2673211.377703623176995616
2208960	1473200245	2668619.356552725664122356
2209920	1473214804	4130789.321335852283255295
2210880	1473228223	4053404.771554829555825516
2211840	1473241937	3853947.650675811601487993
2212800	1473255248	3840077.120189178057796722
2213760	1473268718	3768390.682446444518925157
2214720	1473282199	3692718.986193170510685018
2215680	1473295830	3655822.126739866127211845
2216640	1473309927	3640412.434642144254471718
2217600	1473324236	3633119.172458365524999631
2218560	1473337533	3625882.149213727826587617
2219520	1473350933	3344594.776993982966574183
2220480	1473365111	3292481.048018500772923854
2221440	1473378301	3288621.740676129562750805
2222400	1473392495	3280114.209453284967503812
2223360	1473406634	3279208.83255773471709683
2224320	1473420812	3274230.572559224276564662
2225280	1473434355	3266423.097543299032474922
2226240	1473448015	3263936.485386024479943954
2227200	1473461624	3257968.707303801588220118
2228160	1473475678	3256010.17959045156858795
2229120	1473489276	3255578.570704480925484193
2230080	1473502952	3207781.659035203968095508
2231040	1473516740	3207479.167133231181280676
2232000	1473530671	3205297.190076986559606212
2232960	1473544173	3199437.751296390774740747
2233920	1473558140	3198578.209702799549618982
2234880	1473572375	3198541.08628523500063801
2235840	1473586361	3197602.724628773325069476
2236800	1473600379	3197087.01857819406479683
2237760	1473614135	3194696.75048222974312705
2238720	1473627552	3193149.164522256820776618
2239680	1473641732	3191701.06209120250235811
2240640	1473655965	3191148.335926528740931429
2241600	1473669849	3150185.143461353253259464
2242560	1473684122	3146478.531143987851403991
2243520	1473697949	3145499.144011715736726806
2244480	1473711437	3136449.766913475232462878
2245440	1473725032	3122325.259781674350935211
2246400	1473739048	3122309.619882060127076584
2247360	1473753155	3120545.323664830811289981
2248320	1473767090	3120517.691930933672748014
2249280	1473780879	3120271.505139326375050376
2250240	1473794985	3116820.626432573480870437
2251200	1473808757	3105139.520181037362283712
2252160	1473822341	3102732.53050655784293887
2253120	1473835358	3102694.002137441271494105
2254080	1473849698	3102571.990109135748014888
2255040	1473863541	3102193.566651438839841005
2256000	1473877892	3100550.939251502104462339
2256960	1473891280	3099347.638376358085268966
2257920	1473904692	3097833.668779136473276542
2258880	1473918547	3096339.560932314031530392
2259840	1473932418	3096227.181967764264274791
2260800	1473945866	3095744.268857118177707317
2261760	1473960059	3095526.981341336452312551
2262720	1473973918	3094727.546435597773428892
2263680	1473988030	3092324.272450426581491634
2264640	1474001470	3083377.066007637636150885
2265600	1474015497	3074659.974967194534582534
2266560	1474028601	3074609.493883673772540627
2267520	1474042534	3074572.917878963239662638
2268480	1474057087	3000772.918240705702689308
2269440	1474070415	2997445.866942827192760687
2270400	1474083812	2997038.420930545231975484
2271360	1474097643	2997031.186503626978446987
2272320	1474111179	2996344.158091994620219117
2273280	1474125196	2995405.805838168356275913
2274240	1474138598	2995394.41550339363805991
2275200	1474152758	2992024.824674226186475698
2276160	1474166472	2991629.654032835004555355
2277120	1474179913	2990560.105521559949965841
2278080	1474193420	2989623.305230032674593032
2279040	1474207762	2988621.26086339172764535
2280000	1474221285	2988357.540614790472877817
2280960	1474234691	2988200.406184921519606956
2281920	1474247132	2987846.719307012601700659
2282880	1474260361	2987846.719307012601700659
2283840	1474273989	2987734.653292064955214947
2284800	1474288911	2875753.36711988005405567
2285760	1474303849	2873848.812856016865488592
2286720	1474318274	2873237.503362106529731388
2287680	1474332414	2873142.501252806864254552
2288640	1474347086	2872789.157994725506810406
2289600	1474361365	2872333.054476799464628742
2290560	1474375832	2871528.930075181733683352
2291520	1474389098	2867067.177028209292228696
2292480	1474403171	2865401.106840623927276233
2293440	1474416909	2865230.763873073081658077
2294400	1474430630	2863239.755727867717173541
2295360	1474444896	2862828.707587300063211566
2296320	1474457588	2861276.869142893826022462
2297280	1474471352	2860305.269870339858479975
2298240	1474484852	2859913.047344749868519812
2299200	1474498068	2859164.226218509720836652
2300160	1474512490	2859101.939265864574252408
2301120	1474525981	2858952.260500987817573575
2302080	1474539330	2858775.389419001972702741
2303040	1474553086	2855459.408831945061984199
2304000	1474566173	2855421.243596140450760121
2304960	1474579028	2852197.144039694269957783
2305920	1474592767	2852131.453883554760968262
2306880	1474605874	2849918.419548623560939315
2307840	1474620381	2849918.419548623560939315
2308800	1474634770	2849664.140525285906903548
2309760	1474648122	2849281.804120440881352476
2310720	1474662241	2849037.549158607653348458
2311680	1474676072	2848585.246029868647626251
2312640	1474690185	2848584.514509774436968692
2313600	1474703690	2846691.767452630470033245
2314560	1474718578	2846688.586930481728043855
2315520	1474732263	2846688.586930481728043855
2316480	1474746628	2846673.94148366757729347
2317440	1474760588	2846605.932209625287250446
2318400	1474774599	2846399.22308435311155636
2319360	1474788591	2845671.21241622720824839
2320320	1474801820	2845596.597366617721177292
2321280	1474814781	2844262.940851691879434529
2322240	1474827883	2844114.507674760463103291
2323200	1474841246	2840651.491548767210215229
2324160	1474855210	2836424.615822609992442145
2325120	1474869519	2836424.615822609992442145
2326080	1474882937	2835696.951945390421941345
2327040	1474896396	2835696.951945390421941345
2328000	1474909472	2835696.951945390421941345
2328960	1474923105	2835696.951945390421941345
2329920	1474937383	2835673.749591042248304864
2330880	1474951728	2835661.014797815336928596
2331840	1474965860	2835409.418288164846824074
2332800	1474979819	2835195.700242899713632068
2333760	1474993899	2835037.073205070793486167
2334720	1475008026	2833219.262791633734279215
2335680	1475021529	2825538.301802421829901383
2336640	1475034068	2824005.621988843469956023
2337600	1475047485	2823124.374968622879538815
2338560	1475060832	2818103.828635541763981174
2339520	1475074750	2818009.897028266828889212
2340480	1475088720	2818009.897028266828889212
2341440	1475102672	2817082.926804508942671209
2342400	1475115630	2817063.475685203881286695
2343360	1475129428	2816624.56362867748675082
2344320	1475142830	2816302.872538199413669351
2345280	1475156694	2799702.061786392837760202
2346240	1475169851	2799702.061786392837760202
2347200	1475183459	2799673.777440420311034124
2348160	1475196924	2799666.469554679146565102
2349120	1475211642	2754787.710078232763098968
2350080	1475225291	2730084.5146495187470153
2351040	1475239118	2728918.751487452355698531
2352000	1475253145	2727849.182587567083505096
2352960	1475265991	2717611.713366132828246663
2353920	1475280320	2713006.938283838312640535
2354880	1475294183	2712904.531016902501270414
2355840	1475308510	2712904.531016902501270414
2356800	1475322038	2712904.531016902501270414
2357760	1475335534	2712708.158348789539055795
2358720	1475349635	2711404.955608683370920012
2359680	1475363755	2711351.754147286232188392
2360640	1475376891	2711351.753308784938429142
2361600	1475391032	2711351.753308784938429142
2362560	1475405115	2711299.083862001771084837
2363520	1475418419	2710033.088884919643280108
2364480	1475432475	2708456.61431388939552825
2365440	1475446402	2708325.806350459111130399
2366400	1475460707	2707777.787487568783223449
2367360	1475474423	2707141.358675851792507396
2368320	1475487708	2707141.358675851792507396
2369280	1475501314	2706603.272852471070414148
2370240	1475514307	2706600.919266081001342
2371200	1475528471	2706192.659900113222658058
2372160	1475542010	2706186.509714530054301993
2373120	1475555567	2705139.092114841689977767
2374080	1475569363	2705139.092114841689977767
2375040	1475583628	2705139.092114841689977767
2376000	1475596951	2700394.94402830799086108
2376960	1475610838	2699774.2769800369390421
2377920	1475624106	2696156.917338609458749561
2378880	1475637810	2696156.917338609458749561
2379840	1475652114	2694588.538256621808941364
2380800	1475666509	2694396.880253788389899462
2381760	1475680357	2694393.605698032919120437
2382720	1475693754	2692002.266510058279557473
2383680	1475706379	2691655.545492604940158335
2384640	1475720474	2689421.159672251928908732
2385600	1475733513	2689337.489496745216748234
2386560	1475747085	2689309.491784339460847897
2387520	1475760920	2684676.043507609155864165
2388480	1475773812	2684069.657431100308155469
2389440	1475787507	2684061.995130525454679549
2390400	1475800845	2683438.206504911022427485
2391360	1475815200	2683382.275997716994708539
2392320	1475829552	2682610.083386268224588426
2393280	1475843494	2682009.084050100862241446
2394240	1475857314	2682005.426449629808953648
2395200	1475872669	2679998.442294462416447868
2396160	1475885694	2676321.889549599205713747
2397120	1475899702	2675857.614237433381039254
2398080	1475913268	2675808.602391121266982748
2399040	1475927791	2675377.523861002388553229
2400000	1475940585	2675325.788335740154398129
2400960	1475953937	2674802.89777239837637439
2401920	1475967225	2673949.394285470595106105
2402880	1475980918	2673949.394285470595106105
2403840	1475994131	2673225.920912296254779471
2404800	1476007361	2632532.165960322719340431
2405760	1476021226	2623351.489782916475094646
2406720	1476034302	2623240.235227826657848601
2407680	1476047838	2623235.871710464691276257
2408640	1476061502	2623126.753296411601523589
2409600	1476075021	2623090.1772917010686456
2410560	1476088992	2620976.883225830258990795
2411520	1476102791	2620727.356303027639173763
2412480	1476116162	2620712.725901143426022568
2413440	1476129811	2560720.79478014888696379
2414400	1476143256	2559977.345281324947911485
2415360	1476157407	2559823.602644041317910461
2416320	1476171314	2559451.258916088093212527
2417280	1476184694	2559065.734069340511335933
2418240	1476198332	2559057.917898186365524508
2419200	1476212453	2554512.006674931079301885
2420160	1476226172	2554512.006674931079301885
2421120	1476242730	2554512.006674931079301885
2422080	1476258477	2554512.004183341100123573
2423040	1476271949	2554511.842195981469277522
2424000	1476285331	2554511.842195981469277522
2424960	1476298538	2554511.842195981469277522
2425920	1476313408	2553081.361966953470525922
2426880	1476327614	2553078.914465212677600008
2427840	1476341990	2553078.914465212677600008
2428800	1476356788	2549946.373752498704493913
2429760	1476369675	2549946.373752498704493913
2430720	1476382468	2524187.795587115346235439
2431680	1476396081	2523961.251066586964439795
2432640	1476408136	2523961.251066586964439795
2433600	1476421695	2523961.251066586964439795
2434560	1476436181	2523961.25104220296129944
2435520	1476449782	2518670.38823041173605508
2436480	1476464105	2515446.158956944063217263
2437440	1476478242	2507246.286469235869878164
2438400	1476491777	2506953.678431551606854248
2439360	1476504699	2506953.678431551606854248
2440320	1476517862	2499939.351704193874710656
2441280	1476531117	2499939.351704193874710656
2442240	1476544425	2499893.169776495296609533
2443200	1476558443	2499893.169776495296609533
2444160	1476572235	2496927.199639917877492078
2445120	1476585981	2496927.199639917877492078
2446080	1476599620	2496927.199639917877492078
2447040	1476612921	2496927.199639917877492078
2448000	1476627217	2495978.999882780419130067
2448960	1476640451	2495788.816198659162241582
2449920	1476653962	2494392.377973167196763013
2450880	1476666635	2493001.353287057990455921
2451840	1476680592	2492964.107071313352632207
2452800	1476694439	2491133.843795598287417604
2453760	1476708339	2491085.664141905589776621
2454720	1476721295	2491077.545239355368465418
2455680	1476735807	2483047.313572346102711997
2456640	1476749764	2482073.158478563885691454
2457600	1476764328	2482073.158478563885691454
2458560	1476778743	2480100.094917671097168693
2459520	1476793369	2480038.197063545579990558
2460480	1476806981	2480038.197063545579990558
2461440	1476820487	2479687.798938418675019417
2462400	1476833490	2479398.039973813190045513
2463360	1476846647	2479398.039973813190045513
2464320	1476860388	2479372.589435578956646412
2465280	1476874077	2479372.589435578956646412
2466240	1476892949	2478861.951385491280116161
2467200	1476905844	2476385.633787625772601044
2468160	1476918531	2476166.562551700480874298
2469120	1476932169	2476166.562551700480874298
2470080	1476944920	2475873.954514016217850381
2471040	1476958283	2474876.598638827129372959
2472000	1476971224	2473448.391783286457025371
2472960	1476984653	2472893.048922752748181382
2473920	1476997512	2472855.662697797581048767
2474880	1477011221	2472855.662697797581048767
2475840	1477024661	2472855.662001111777038618
2476800	1477038631	2472200.812341466975277718
2477760	1477052780	2463995.794790217672252281
2478720	1477066026	2463988.817141814203670449
2479680	1477079766	2462967.249330249020388199
2480640	1477093222	2462769.738904812142847056
2481600	1477107093	2462690.422619397195283375
2482560	1477120650	2462690.422619397195283375
2483520	1477134077	2462690.422619397195283375
2484480	1477148022	2462690.422619397195283375
2485440	1477161502	2462690.422619397195283375
2486400	1477174780	2462544.118600555063771417
2487360	1477188510	2462492.424513897510637193
2488320	1477202593	2462492.424513897510637193
2489280	1477216311	2462492.424513897510637193
2490240	1477230425	2462492.424513897510637193
2491200	1477243135	2462419.272504476444881214
2492160	1477257310	2462082.063565714975426388
2493120	1477270983	2462082.063565714975426388
2494080	1477285163	2462082.063565714975426388
2495040	1477298656	2462074.821516782289916547
2496000	1477312107	2462074.821487897696482287
2496960	1477325829	2461923.504083934109086181
2497920	1477339601	2461843.768393665147412164
2498880	1477352555	2461807.184781113122739152
2499840	1477366238	2461751.30931293004686795
2500800	1477379752	2461751.30931293004686795
2501760	1477394240	2461751.30931293004686795
2502720	1477406926	2461713.160540016961076208
2503680	1477419828	2461500.942469766040551871
2504640	1477433861	2461492.812843119046110857
2505600	1477447941	2461483.631778256639551378
2506560	1477461481	2461483.631778256639551378
2507520	1477474710	2461483.631778256639551378
2508480	1477488345	2461483.631778256639551378
2509440	1477501797	2461483.631778256639551378
2510400	1477514771	2461483.631778256639551378
2511360	1477528364	2461483.631778256639551378
2512320	1477542145	2461483.631778256639551378
2513280	1477555616	2461483.631778256639551378
2514240	1477569550	2461483.631778256639551378
2515200	1477583305	2461483.631778256639551378
2516160	1477596944	2461337.32775941450803942
2517120	1477610935	2461113.837154785421736144
2518080	1477625517	2461032.695277373074995304
2519040	1477638554	2460991.486312065874619438
2520000	1477651936	2459282.202478385511402103
2520960	1477665355	2458330.346135074261725818
2521920	1477679205	2457107.244652217378653053
2522880	1477693668	2457107.244652217378653053
2523840	1477707669	2456492.337232268343350417
2524800	1477723332	2456459.825228084454214845
2525760	1477737777	2456151.864329374280706961
2526720	1477751365	2456125.738611723900079827
2527680	1477765357	2456120.798200652854189644
2528640	1477779770	2456077.771802914536762197
2529600	1477794635	2456065.159387497111631857
2530560	1477808912	2455398.451973633518331862
2531520	1477822326	2455398.258515314474488533
2532480	1477835928	2455325.106530277411872911
2533440	1477849031	2455024.182105243738056217
2534400	1477862911	2454367.834409285775687569
2535360	1477876495	2454367.797833281065154692
2536320	1477890008	2454308.97789244456039915
2537280	1477903624	2454304.091338215233206651
2538240	1477917175	2454304.091338215233206651
2539200	1477930932	2453989.493806498997816487
2540160	1477943887	2452083.608552892432326665
2541120	1477958719	2450655.742110664298790668
2542080	1477972868	2449413.56471991812451125
2543040	1477987426	2449413.56471991812451125
2544000	1478001621	2449413.56471991812451125
2544960	1478016970	2449320.66726189913626483
2545920	1478031800	2449011.443058508120076005
2546880	1478045794	2449003.396229843023466881
2547840	1478059466	2448914.87488082977860608
2548800	1478072931	2442459.941569514936298462
2549760	1478086838	2441867.133011057932962283
2550720	1478100916	2441741.164735987693546341
2551680	1478115049	2441738.970175705061573662
2552640	1478128941	2441722.325596005863460151
2553600	1478143328	2441677.034960607777531233
2554560	1478158341	2441648.172502781562305095
2555520	1478171976	2441609.628849321281135326
2556480	1478186465	2441466.633053411686734892
2557440	1478200127	2441448.554056797623340916
2558400	1478213891	2441426.608453971303614123
2559360	1478227501	2441382.718559935802424453
2560320	1478241129	2441382.718559935802424453
2561280	1478255242	2441382.718559935802424453
2562240	1478268992	2441382.718559935802424453
2563200	1478282530	2441382.718559935802424453
2564160	1478297366	2441382.718540945540778745
2565120	1478310998	2441382.718540945053098683
2566080	1478323740	2441382.718540945053098683
2567040	1478336239	2441381.387174373589701926
2568000	1478349037	2441373.340453337272468769
2568960	1478362230	2441207.246482324074711874
2569920	1478376549	2441207.246482324074711874
2570880	1478389656	2441051.676542288608204159
2571840	1478404336	2440320.156448077950644366
2572800	1478418267	2439040.38988841676106861
2573760	1478432123	2438927.807923200100251953
2574720	1478445433	2438883.916717547460798366
2575680	1478458996	2438873.052562459422825562
2576640	1478472157	2438873.052562459422825562
2577600	1478485406	2438873.052562459422825562
2578560	1478499023	2438865.737361517316249965
2579520	1478511932	2434393.823351990608668587
2580480	1478524673	2434393.823351990608668587
2581440	1478537918	2434213.76061781742366631
2582400	1478551405	2434213.76061781742366631
2583360	1478564826	2434030.880594264759276362
2584320	1478578075	2434030.880594264759276362
2585280	1478591979	2434030.880594264759276362
2586240	1478605534	2434030.880594264759276362
2587200	1478618661	2434030.880594264759276362
2588160	1478631626	2434030.880594264759276362
2589120	1478645190	2433424.348096502944088301
2590080	1478659380	2433379.237690693286872115
2591040	1478672458	2433379.237690693286872115
2592000	1478686671	2433379.237690693286872115
2592960	1478700240	2433379.237690693286872115
2593920	1478714542	2433369.671658692070580949
2594880	1478728699	2433363.427959601086469671
2595840	1478742742	2433360.934736070218260498
2596800	1478756886	2433360.934736070218260498
2597760	1478770533	2433353.619535128111684901
2598720	1478783595	2429702.602744922719803972
2599680	1478796282	2429702.602744922719803972
2600640	1478810160	2429700.977794953446529981
2601600	1478824038	2429262.070859067711468709
2602560	1478837286	2429260.60781887929015359
2603520	1478851002	2429187.194312970146913854
2604480	1478864578	2429162.816461008877657706
2605440	1478876944	2423759.354283510393295624
2606400	1478890699	2423725.216679113895942835
2607360	1478904245	2423725.216679113895942835
2608320	1478917397	2423725.216679113895942835
2609280	1478930758	2423725.216679113895942835
2610240	1478944213	2423725.216679113895942835
2611200	1478955441	2423654.015389944058607017
2612160	1478968371	2419996.414918890770808049
2613120	1478980666	2419996.414918890770808049
2614080	1478993743	2419996.414918890770808049
2615040	1479006445	2419996.414918890770808049
2616000	1479019689	2419916.382440469300810109
2616960	1479032031	2419909.067239527194234512
2617920	1479044306	2419909.067239527194234512
2618880	1479056213	2419909.067239527194234512
2619840	1479068340	2419384.810740727867456393
2620800	1479081483	2417409.706486359092044951
2621760	1479092354	2417409.706486359092044951
2622720	1479104724	2417409.706486359092044951
2623680	1479117514	2417409.706486359092044951
2624640	1479129617	2417409.706486359092044951
2625600	1479142410	2417409.706486359092044951
2626560	1479154481	2417385.327360019364864009
2627520	1479165832	2417376.433102523076364145
2628480	1479177838	2417375.69426722792360001
2629440	1479189856	2417375.69426722792360001
2630400	1479202617	2417375.69426722792360001
2631360	1479213982	2417375.69426722792360001
2632320	1479225710	2417375.69426722792360001
2633280	1479236709	2417375.69426722792360001
2634240	1479249152	2417375.69426722792360001
2635200	1479262908	2417375.69426722792360001
2636160	1479277950	2417375.69426722792360001
2637120	1479290854	2417375.69426722792360001
2638080	1479303100	2416630.937410697151654581
2639040	1479315425	2416630.937410697151654581
2640000	1479327984	2416630.937410697151654581
2640960	1479341916	2416615.697408734429622086
2641920	1479355252	2416445.178955548181202593
2642880	1479368433	2416418.564299473494058514
2643840	1479381582	2416404.570002019029305197
2644800	1479395588	2416404.570002019029305197
2645760	1479408784	2416404.570002019029305197
2646720	1479422410	2415233.080272830931726645
2647680	1479435837	2415233.080272830931726645
2648640	1479449766	2415079.46105304669363909
2649600	1479463014	2415079.46105304669363909
2650560	1479476810	2414786.779863353009549417
2651520	1479489204	2414669.809800288725405607
2652480	1479501046	2414669.809800288725405607
2653440	1479513808	2414551.946578374452398011
2654400	1479527050	2414551.946578374452398011
2655360	1479540576	2414352.081116736839691505
2656320	1479552039	2414352.081116736839691505
2657280	1479564693	2414352.081116736839691505
2658240	1479577529	2414250.744999789908774133
2659200	1479590714	2414245.868199161837723735
2660160	1479603991	2414029.121504580902150464
2661120	1479617172	2414029.121504580902150464
2662080	1479627245	2412536.235296315792202438
2663040	1479639609	2397649.997667645127971525
2664000	1479651638	2397606.106461992488517938
2664960	1479665862	2397606.106461992488517938
2665920	1479681633	2397574.937344934817021913
2666880	1479695216	2397574.937344934817021913
2667840	1479709207	2397569.43647425597706171
2668800	1479722643	2397569.43647425597706171
2669760	1479736166	2397560.163016147424862773
2670720	1479749959	2397479.25689372772613666
2671680	1479763164	2397479.25689372772613666
2672640	1479777075	2397307.252866247964764069
2673600	1479791349	2397307.252866247964764069
2674560	1479805537	2397307.252866247964764069
2675520	1479818448	2397275.050330825842073369
2676480	1479831133	2397183.181875193689707213
2677440	1479847676	2397165.5709450876799819
2678400	1479860484	2397165.5709450876799819
2679360	1479873366	2397165.5709450876799819
2680320	1479885984	2396939.512768150645234452
2681280	1479898993	2396892.836152594452165581
2682240	1479912654	2396749.841391321368866395
2683200	1479927356	2396730.648487437433468551
2684160	1479942013	2396730.648487437433468551
2685120	1479956160	2396695.332316874431503961
2686080	1479969786	2396695.332316874431503961
2687040	1479983004	2396691.057976874068262712
2688000	1479995605	2396691.057976874068262712
2688960	1480009853	2396691.057976874068262712
2689920	1480024201	2396691.057976874068262712
2690880	1480037575	2396691.057976874068262712
2691840	1480051829	2396691.057976874068262712
2692800	1480065427	2396691.057976874068262712
2693760	1480079435	2396656.920372477570909923
2694720	1480092011	2396656.042548364518120852
2695680	1480104693	2396656.042548364518120852
2696640	1480118507	2396613.049467102631666743
2697600	1480131691	2396613.049467102631666743
2698560	1480144540	2396613.049467102631666743
2699520	1480158204	2396350.752301907074891397
2700480	1480172345	2396350.752301907074891397
2701440	1480186208	2396131.296273643877623459
2702400	1480200493	2396131.205333833422836103
2703360	1480214328	2396090.118051753746541133
2704320	1480227168	2396090.118051753746541133
2705280	1480240800	2396090.118051753746541133
2706240	1480255034	2396090.118051753746541133
2707200	1480268242	2396090.118051753746541133
2708160	1480281298	2396090.118051753746541133
2709120	1480295716	2396090.118051753746541133
2710080	1480309120	2395958.445518776934183607
2711040	1480322142	2395939.084090196467323195
2712000	1480335882	2392537.110161718221533642
2712960	1480348685	2392537.110161718221533642
2713920	1480362233	2392537.110161718221533642
2714880	1480376203	2392537.110161718221533642
2715840	1480389579	2392537.110161718221533642
2716800	1480403993	2392537.110161718221533642
2717760	1480417083	2392201.342438475529713697
2718720	1480430556	2392183.054436120263274703
2719680	1480443525	2392183.054436120263274703
2720640	1480456694	2391635.511645603586091198
2721600	1480470831	2391598.935640893053213209
2722560	1480484410	2391598.935640893053213209
2723520	1480497848	2389277.167293105855714726
2724480	1480511334	2389225.960886511109685541
2725440	1480524907	2389183.293117021703792157
2726400	1480538600	2389176.467267852079294478
2727360	1480552242	2389175.438094754017403843
2728320	1480565686	2389175.438094754017403843
2729280	1480578625	2389175.438094754017403843
2730240	1480592350	2389175.438094754017403843
2731200	1480606079	2389105.30323996152350497
2732160	1480619275	2389105.30323996152350497
2733120	1480632553	2388995.575225829924871001
2734080	1480645767	2388991.917625358871583203
2735040	1480659761	2388991.917625358871583203
2736000	1480673356	2388207.235527501611503018
2736960	1480685609	2388207.235527501611503018
2737920	1480698835	2388207.235527501611503018
2738880	1480712718	2388207.235527501611503018
2739840	1480725799	2386340.945422480391547897
2740800	1480738729	2386274.443595733968133371
2741760	1480752404	2386274.443595733968133371
2742720	1480765332	2386213.546860870123942173
2743680	1480778729	2386213.546860870123942173
2744640	1480791661	2386205.709145575009754033
2745600	1480805086	2386204.246105386588438914
2746560	1480817793	2386204.246105386588438914
2747520	1480832201	2386204.246105386588438914
2748480	1480846259	2386173.814869467425084427
2749440	1480859159	2386173.814869467425084427
2750400	1480872527	2386021.65868987160831199
2751360	1480886905	2385977.328662713117255639
2752320	1480900329	2385245.077048408249038286
2753280	1480913739	2385245.077048408249038286
2754240	1480926398	2385245.077048408249038286
2755200	1480939367	2385244.345528314038380727
2756160	1480952040	2385244.345528314038380727
2757120	1480964971	2385244.345528314038380727
2758080	1480978056	2385206.184563399382411359
2759040	1480990551	2385206.184563399382411359
2760000	1481003790	2382310.302384690625280623
2760960	1481016458	2382090.214227650365542295
2761920	1481028970	2382090.214227650365542295
2762880	1481042378	2382058.758863599307267224
2763840	1481056927	2366148.196814517505341714
2764800	1481072370	2366148.196814517505341714
2765760	1481085712	2366148.196814517505341714
2766720	1481099202	2366148.196814517505341714
2767680	1481113122	2366148.196814517505341714
2768640	1481126648	2366148.196814517505341714
2769600	1481140687	2366148.196814517505341714
2770560	1481154598	2365632.386448146909115354
2771520	1481168094	2365632.386448146909115354
2772480	1481181044	2365632.386448146909115354
2773440	1481195145	2365632.386448146909115354
2774400	1481208455	2365632.386448146909115354
2775360	1481220962	2365549.058430944900570512
2776320	1481234749	2365549.058430944900570512
2777280	1481247675	2365549.058430944900570512
2778240	1481261747	2365538.427746712850729858
2779200	1481275113	2365538.427746712850729858
2780160	1481288411	2365538.427746712850729858
2781120	1481301834	2365538.427746712850729858
2782080	1481314611	2365538.427746712850729858
2783040	1481328046	2365499.410586295927466526
2784000	1481341520	2365499.410586295927466526
2784960	1481354727	2365499.410586295927466526
2785920	1481368172	2365499.410586295927466526
2786880	1481380499	2365499.410586295927466526
2787840	1481392459	2365493.783508648153177606
2788800	1481406023	2365493.783508648153177606
2789760	1481418894	2365493.783508648153177606
2790720	1481431740	2365493.783508648153177606
2791680	1481445031	2365448.965710876180224444
2792640	1481457145	2365448.965710876180224444
2793600	1481470592	2365448.965710876180224444
2794560	1481483542	2365405.074505223540770857
2795520	1481496889	2365405.074505223540770857
2796480	1481510565	2365405.074505223540770857
2797440	1481524537	2365405.074505223540770857
2798400	1481537531	2365405.074505223540770857
2799360	1481550870	2365405.074505223540770857
2800320	1481564237	2361568.331653171507194383
2801280	1481577942	2360854.840775624163791745
2802240	1481592130	2360852.180702554306855165
2803200	1481604777	2360852.180702554306855165
2804160	1481617734	2360852.180702554306855165
2805120	1481631965	2360852.180702554306855165
2806080	1481645414	2360844.037064873738367908
2807040	1481657410	2360844.037064873738367908
2808000	1481670759	2360840.633309340049495259
2808960	1481683873	2360840.633309340049495259
2809920	1481697464	2360840.633309340049495259
2810880	1481710198	2360739.744496346829640139
2811840	1481723575	2360739.744496346829640139
2812800	1481737369	2360734.063586575257550482
2813760	1481750298	2360734.063586575257550482
2814720	1481762993	2351816.106564769918720002
2815680	1481775320	2351814.833085447227582376
2816640	1481787877	2351814.833085447227582376
2817600	1481801126	2351814.833085447227582376
2818560	1481813704	2350205.488878183780950831
2819520	1481826379	2350205.488878183780950831
2820480	1481839781	2350205.488878183780950831
2821440	1481852931	2350205.488878183780950831
2822400	1481866059	2350193.784556676410429875
2823360	1481879149	2349993.651697860465001792
2824320	1481891348	2349993.651697860465001792
2825280	1481904718	2349554.716070621290993199
2826240	1481917362	2349553.765015244202380839
2827200	1481930974	2349544.92661044835176097
2828160	1481944040	2349544.92661044835176097
2829120	1481957012	2349493.985592706484087546
2830080	1481970492	2349462.079301293004170425
2831040	1481983819	2349462.079301293004170425
2832000	1481997120	2349462.078325932878556216
2832960	1482010358	2349081.608640042896829355
2833920	1482024328	2349081.608640042896829355
2834880	1482037229	2349006.090578448981217607
2835840	1482050900	2349006.090578448981217607
2836800	1482063600	2349006.090578448981217607
2837760	1482076100	2349006.090578448981217607
2838720	1482088879	2347543.05039002766756106
2839680	1482102865	2345027.75467746883181708
2840640	1482115144	2345027.75467746883181708
2841600	1482128226	2345027.023157374621159521
2842560	1482141137	2345027.023157374621159521
2843520	1482153763	2289893.696850718660287174
2844480	1482166736	2287230.852276193607228748
2845440	1482180346	2287219.684402755324523337
2846400	1482193230	2287212.529439548140282255
2847360	1482205712	2287159.048005460399108059
2848320	1482218822	2287151.732804518292532462
2849280	1482231748	2286785.972757412963752566
2850240	1482245286	2285186.754709005703990572
2851200	1482258549	2283338.825735079517343361
2852160	1482272027	2283312.900662940691639444
2853120	1482286002	2283257.48459502401088336
2854080	1482300205	2283253.914776964262874469
2855040	1482313514	2282458.562927849249608336
2856000	1482326506	2282385.315502763721592676
2856960	1482340862	2282385.315502763721592676
2857920	1482354317	2282334.325670451413082413
2858880	1482367493	2282169.73364925401513146
2859840	1482380298	2282095.362439675931612882
2860800	1482393324	2281991.988521624199705964
2861760	1482406715	2281991.988521624199705964
2862720	1482421072	2281652.592458714223024524
2863680	1482435642	2281557.508146832186826435
2864640	1482449092	2281557.508146832186826435
2865600	1482462840	2281520.932719977383134766
2866560	1482475872	2281520.932719977383134766
2867520	1482489418	2280005.637612826286710159
2868480	1482504057	2280005.637612826286710159
2869440	1482518168	2280005.637612826286710159
2870400	1482531327	2280005.637612826286710159
2871360	1482544609	2280005.637612826286710159
2872320	1482558278	2280005.637612826286710159
2873280	1482571176	2280005.637612826286710159
2874240	1482584343	2280005.637612826286710159
2875200	1482597466	2280005.637612826286710159
2876160	1482610687	2280005.637612826286710159
2877120	1482623598	2279998.322411884180134562
2878080	1482636300	2279998.322411884180134562
2879040	1482649684	2279998.322411884180134562
2880000	1482663175	2279998.322411884180134562
2880960	1482677602	2279998.322411884180134562
2881920	1482691242	2279998.322411884180134562
2882880	1482703830	2279998.322411884180134562
2883840	1482717528	2279998.322411884180134562
2884800	1482731296	2279998.322411884180134562
2885760	1482744851	2279998.322411884180134562
2886720	1482758094	2279995.908395573284964615
2887680	1482771147	2279995.908395573284964615
2888640	1482784492	2279995.908395573284964615
2889600	1482798768	2279922.756386152219208636
2890560	1482812063	2279886.180381441686330647
2891520	1482825540	2279877.231452289175953167
2892480	1482838993	2279877.231452289175953167
2893440	1482851560	2279877.231452289175953167
2894400	1482865053	2279877.231452289175953167
2895360	1482879312	2279844.002972807668096339
2896320	1482892202	2279844.002972807668096339
2897280	1482905922	2279844.002972807668096339
2898240	1482919147	2279843.783516779404899072
2899200	1482932514	2279763.316306416232567495
2900160	1482945667	2279373.995283400698207385
2901120	1482959090	2279067.048715609561874156
2902080	1482972673	2279067.048715609561874156
2903040	1482986345	2278384.445370098770985387
2904000	1482999687	2278384.440566450152335403
2904960	1483011953	2278384.440566450152335403
2905920	1483024791	2278384.439619131630332602
2906880	1483037090	2278074.072629749898043167
2907840	1483049554	2277910.487992920958625057
2908800	1483062435	2277910.487992920958625057
2909760	1483074888	2277909.761214408325024022
2910720	1483088281	2277909.761214408325024022
2911680	1483101498	2277880.507725840840828206
2912640	1483114703	2277629.765145856018513867
2913600	1483127603	2277239.30756225903837667
2914560	1483141034	2277239.30756225903837667
2915520	1483154849	2277237.113001976406403991
2916480	1483168106	2277237.113001976406403991
2917440	1483181929	2277196.391716732013133163
2918400	1483195111	2277192.880420279801976876
2919360	1483208286	2277192.880420279801976876
2920320	1483221918	2277192.880420279801976876
2921280	1483235715	2277192.880420279801976876
2922240	1483249173	2277191.98313460274545507
2923200	1483262212	2277178.328092844146513955
2924160	1483275631	2274982.440134966634648942
2925120	1483288708	2274284.507749720426613892
2926080	1483303146	2274217.443839180023474321
2927040	1483316146	2273223.088575119476653297
2928000	1483329753	2273142.62136475630432172
2928960	1483343076	2273142.62136475630432172
2929920	1483356092	2273142.62136475630432172
2930880	1483369414	2273132.897813155693041486
2931840	1483383368	2273039.163352528370110129
2932800	1483396194	2273028.440371706561163585
2933760	1483408910	2268096.247230680788304292
2934720	1483422754	2268096.239915479846197717
2935680	1483436150	2268096.239915479846197717
2936640	1483448902	2268096.239915479846197717
2937600	1483462411	2268072.006443324009489656
2938560	1483477174	2268072.006443324009489656
2939520	1483490697	2267870.207796645207404198
2940480	1483503403	2267833.631791934674526209
2941440	1483517220	2267646.362647816746190903
2942400	1483530252	2267646.362647816746190903
2943360	1483543373	2267209.567071479172549055
2944320	1483556312	2266897.706025221629975531
2945280	1483568444	2266888.524186797744480644
2946240	1483582342	2266888.524186797744480644
2947200	1483595553	2266827.330940655948604774
2948160	1483608309	2266827.330940655948604774
2949120	1483621527	2226569.585595960831116653
2950080	1483634681	2226569.585595960831116653
2951040	1483648069	2226562.270395018724541056
2952000	1483661194	2226562.270395018724541056
2952960	1483674755	2226562.270395018724541056
2953920	1483687892	2225884.882787779655640688
2954880	1483701976	2225884.882787779655640688
2955840	1483715662	2225777.8378028452584787
2956800	1483729027	2224679.512233519705349791
2957760	1483742871	2224679.512233519705349791
2958720	1483755959	2224606.360224098639593812
2959680	1483769525	2224599.215711178515504979
2960640	1483783053	2224599.215711178515504979
2961600	1483796100	2224599.215711178515504979
2962560	1483809442	2224588.242909765355641583
2963520	1483822336	2224532.037174897468413669
2964480	1483835596	2224253.210501298817325879
2965440	1483849873	2224253.210501298817325879
2966400	1483863784	2223887.318780576530627622
2967360	1483877760	2223875.25148546497521331
2968320	1483890509	2223875.25148546497521331
2969280	1483903681	2223589.02961820317122989
2970240	1483917001	2223581.714417261064654293
2971200	1483931027	2223581.714417261064654293
2972160	1483944427	2223581.714417261064654293
2973120	1483957770	2223581.714417261064654293
2974080	1483971449	2223578.349424827695629519
2975040	1483985294	2223388.01340683536437576
2976000	1483998368	2223388.01340683536437576
2976960	1484011730	2223388.01340683536437576
2977920	1484025169	2223352.039499433143346685
2978880	1484038082	2223352.039499433143346685
2979840	1484051688	2223352.039499433143346685
2980800	1484065784	2223352.039499433143346685
2981760	1484079371	2148554.227759276036040834
2982720	1484093078	2142041.081993718868724566
2983680	1484106604	2142041.081993718868724566
2984640	1484119847	2142041.081993718868724566
2985600	1484133360	2142041.081993718868724566
2986560	1484147954	2141815.77380470198619615
2987520	1484160977	2141815.77380470198619615
2988480	1484174872	2141792.188628291341441664
2989440	1484188613	2141792.188628291341441664
2990400	1484202685	2141792.188628291341441664
2991360	1484215846	2141792.188628291341441664
2992320	1484229089	2141792.188628291341441664
2993280	1484242929	2141499.580590607078417747
2994240	1484256693	2141499.580590607078417747
2995200	1484269920	2141397.167777417586359377
2996160	1484283275	2131887.406501323230700074
2997120	1484296895	2131887.406501323230700074
2998080	1484310318	2131887.406501323230700074
2999040	1484322795	2131887.406501323230700074
3000000	1484335875	2131887.406501323230700074
3000960	1484350341	2131613.749428603116224312
3001920	1484363945	2130882.229334392458664519
3002880	1484377608	2130882.229334392458664519
3003840	1484391225	2130882.229334392458664519
3004800	1484404629	2130882.229334392458664519
3005760	1484418413	2130150.709240181801104726
3006720	1484432141	2130150.709240181801104726
3007680	1484445875	2128321.909004655157205242
3008640	1484460543	2128321.909004655157205242
3009600	1484473879	2128321.909004655157205242
3010560	1484487348	2128321.909004655157205242
3011520	1484500841	2128318.982924278314575003
3012480	1484514614	2128318.982924278314575003
3013440	1484528164	2128282.392289165897483863
3014400	1484541874	2128245.823599656306712449
3015360	1484555214	2128194.216035309540475913
3016320	1484569674	2128194.216035309540475913
3017280	1484583201	2128179.431254296108176302
3018240	1484596781	2128146.405018844945368114
3019200	1484610209	2128143.370198006098323629
3020160	1484623897	2128143.370198006098323629
3021120	1484637618	2128092.163791411352294444
3022080	1484651791	2128091.909349639452935293
3023040	1484665647	2128091.909349639452935293
3024000	1484679063	2128091.909349639452935293
3024960	1484692857	2128085.273882899127640684
3025920	1484706697	2128082.26782850314449345
3026880	1484720894	2128062.02642097406384978
3027840	1484734427	2128062.02642097406384978
3028800	1484748141	2073198.01935517474686526
3029760	1484761553	2073198.01935517474686526
3030720	1484775685	2073008.175794652918003998
3031680	1484789058	2073008.175794652918003998
3032640	1484802712	2072868.699296690085962598
3033600	1484816462	2072868.699296690085962598
3034560	1484830153	2072868.699296690085962598
3035520	1484842835	2072868.699296690085962598
3036480	1484856383	2072868.699296690085962598
3037440	1484870344	2072868.699296690085962598
3038400	1484885374	2072795.547287269020206619
3039360	1484898676	2070357.149411633809042833
3040320	1484912156	2070357.149411633809042833
3041280	1484924953	2070020.411158832336832381
3042240	1484937858	2070019.679638738126174822
3043200	1484950747	2070019.679638738126174822
3044160	1484964324	2070019.679638738126174822
3045120	1484977326	2070019.679638738126174822
3046080	1484990961	2070019.679638738126174822
3047040	1485004449	2070019.679638738126174822
3048000	1485017980	2070019.679638738126174822
3048960	1485031637	2069983.103634027593296833
3049920	1485045567	2069983.103634027593296833
3050880	1485058514	2069983.103634027593296833
3051840	1485072454	2069983.103634027593296833
3052800	1485085849	2069971.967764201825217255
3053760	1485099354	2069971.967764201825217255
3054720	1485113201	2069971.967764201825217255
3055680	1485127195	2069971.967764201825217255
3056640	1485140291	2069971.967764201825217255
3057600	1485154268	2069971.967764201825217255
3058560	1485167734	2069971.967764201825217255
3059520	1485181396	2067411.647434464523757978
3060480	1485194698	2067374.783934324875457135
3061440	1485208507	2065658.014332873098899828
3062400	1485221139	2065658.014332873098899828
3063360	1485235194	2065658.014332873098899828
3064320	1485248669	2065658.014332873098899828
3065280	1485262027	2062667.751019068855314756
3066240	1485275812	2062228.83896254246077888
3067200	1485289699	2062228.83896254246077888
3068160	1485302803	2061893.071239299768958935
3069120	1485316264	2061888.194438671697908537
3070080	1485329950	2061888.194438671697908537
3071040	1485343843	2061888.194438671697908537
3072000	1485357333	2061888.194438671697908537
3072960	1485370561	2061888.194438671697908537
3073920	1485384546	2061888.194438671697908537
3074880	1485398077	2061859.887791547894202963
3075840	1485412186	2061859.887791547894202963
3076800	1485425164	2061859.887791547894202963
3077760	1485438373	2061859.887791547894202963
3078720	1485452379	2061859.887791547894202963
3079680	1485465633	2061859.887791547894202963
3080640	1485479254	2061643.536993996862459024
3081600	1485492609	2061643.536993996862459024
3082560	1485505795	2061643.536993996862459024
3083520	1485520154	2061643.536993996862459024
3084480	1485535260	2061542.343380964388163254
3085440	1485549047	2061161.354415534128421433
3086400	1485563032	2061161.354415534128421433
3087360	1485577449	2061161.354415534128421433
3088320	1485591524	2061161.354415534128421433
3089280	1485605543	2061161.354415534128421433
3090240	1485619765	2061159.123628952405353595
3091200	1485633759	2061159.123628952405353595
3092160	1485647170	2061158.820302780104952613
3093120	1485661379	2048343.355198556959483324
3094080	1485675321	2048343.355198556959483324
3095040	1485689424	2048343.355198556959483324
3096000	1485703715	2048343.355198556959483324
3096960	1485717582	2047901.778898574219657683
3097920	1485731432	2047901.778898574219657683
3098880	1485746161	2047901.778898574219657683
3099840	1485759784	2047901.778898574219657683
3100800	1485773268	2047581.879051064369755053
3101760	1485787334	2046857.674157795818770858
3102720	1485801481	2046857.674157795818770858
3103680	1485815616	2046857.674157795818770858
3104640	1485829635	2046201.060100041596268056
3105600	1485843433	2046201.060100041596268056
3106560	1485856988	2046010.86487554682530251
3107520	1485870681	2046007.104862262582522653
3108480	1485884565	2045984.500891351473204057
3109440	1485898171	2045969.407193407593303074
3110400	1485912305	2044460.785608165802229938
3111360	1485927101	2037360.090741684931783788
3112320	1485941224	2037352.770017788059520553
3113280	1485955057	2037352.770017788059520553
3114240	1485969346	2037352.770017788059520553
3115200	1485982466	2037346.674017002970707555
3116160	1485996446	2037346.674017002970707555
3117120	1486011337	2037339.780310972290272742
3118080	1486024512	2037264.876529108773291179
3119040	1486038734	2037264.876529108773291179
3120000	1486052880	2037264.876529108773291179
3120960	1486066484	2037264.876529108773291179
3121920	1486081187	2037264.876529108773291179
3122880	1486094897	2037264.876529108773291179
3123840	1486109191	2037264.876529108773291179
3124800	1486122875	2037242.930926282453564386
3125760	1486136677	2037242.930926282453564386
3126720	1486150725	2037242.930926282453564386
3127680	1486164750	2037242.930926282453564386
3128640	1486178882	2037242.930926282453564386
3129600	1486192593	2037242.930926282453564386
3130560	1486206322	2037242.930926282453564386
3131520	1486220408	2037242.930926282453564386
3132480	1486234142	2037242.930926282453564386
3133440	1486247974	2037242.930926282453564386
3134400	1486262130	2037240.063367513147786752
3135360	1486275298	2037240.063367513147786752
3136320	1486289150	2029711.265873098002287932
3137280	1486303009	2029711.265873098002287932
3138240	1486316832	2028631.695833262855967765
3139200	1486331077	2028630.971628369587416781
3140160	1486344615	2028630.971628369587416781
3141120	1486358078	2028630.971628369587416781
3142080	1486371798	2028630.971628369587416781
3143040	1486385631	2028630.971628369587416781
3144000	1486399146	2028630.971628369587416781
3144960	1486412333	2027167.931439948272297194
3145920	1486426203	2026367.321095104740815912
3146880	1486440871	2026367.321095104740815912
3147840	1486454776	2026367.321095104740815912
3148800	1486468186	2026367.321095104740815912
3149760	1486481841	2026367.321095104740815912
3150720	1486495718	2026367.321095104740815912
3151680	1486509711	2026367.321095104740815912
3152640	1486523502	2026111.282830911174566647
3153600	1486537351	2025379.762736700517006854
3154560	1486551498	2025379.762736700517006854
3155520	1486565711	2025361.474734345250567861
3156480	1486579182	2025361.474734345250567861
3157440	1486592745	2025265.113862569655784033
3158400	1486606610	2025265.113862569655784033
3159360	1486620493	2025202.934654561749891451
3160320	1486634631	2025127.207694409062620863
3161280	1486648447	2025127.207694409062620863
3162240	1486662823	2025127.207694409062620863
3163200	1486676956	2025127.207694409062620863
3164160	1486691045	2025099.141572739000074936
3165120	1486704213	2025099.141572739000074936
3166080	1486718842	2025099.141572739000074936
3167040	1486732400	2025099.141572739000074936
3168000	1486746287	2025099.141572739000074936
3168960	1486760249	2025099.141572739000074936
3169920	1486774102	2025099.141572739000074936
3170880	1486787851	2025099.141572739000074936
3171840	1486801483	2025099.141572739000074936
3172800	1486815193	2025099.141572739000074936
3173760	1486829065	2025099.141572739000074936
3174720	1486843003	2025099.141572739000074936
3175680	1486856736	2025099.141572739000074936
3176640	1486870362	2025099.141572739000074936
3177600	1486884506	2025099.141572739000074936
3178560	1486898106	2025099.141572739000074936
3179520	1486911991	2025099.141572739000074936
3180480	1486925667	2025099.141572739000074936
3181440	1486939900	2023927.977901907737321707
3182400	1486953587	2023927.977901907737321707
3183360	1486967690	2023876.771495312991292523
3184320	1486980630	2023755.744820817175320428
3185280	1486994495	2023755.744820817175320428
3186240	1487008486	2023755.744820817175320428
3187200	1487022254	2023755.744820817175320428
3188160	1487035985	2023755.744820817175320428
3189120	1487048904	2023755.744820817175320428
3190080	1487063809	2023755.744820817175320428
3191040	1487077811	2023755.744820817175320428
3192000	1487091919	2023755.744820817175320428
3192960	1487106040	2023705.295159147474799064
3193920	1487119746	2023705.295159147474799064
3194880	1487133880	2023705.295159147474799064
3195840	1487146791	2023705.295159147474799064
3196800	1487160142	2023485.839130884277531126
3197760	1487174057	2023485.839130884277531126
3198720	1487188171	2023485.839130884277531126
3199680	1487201584	2023485.839130884277531126
3200640	1487214696	2023485.839130884277531126
3201600	1487228748	2023339.535112042146019168
3202560	1487242709	2023339.535112042146019168
3203520	1487256564	2023339.535112042146019168
3204480	1487270269	2023339.535112042146019168
3205440	1487284864	2023266.383102621080263189
3206400	1487298208	2023266.383102621080263189
3207360	1487312132	2023266.383102621080263189
3208320	1487325583	2023266.383102621080263189
3209280	1487339602	2023266.383102621080263189
3210240	1487353362	2023238.674672740676033102
3211200	1487367341	2023228.323835420156261702
3212160	1487380964	2023228.323835420156261702
3213120	1487394879	2023228.323835420156261702
3214080	1487408691	2023228.323835420156261702
3215040	1487422164	2023228.323835420156261702
3216000	1487436503	2023228.323835420156261702
3216960	1487450197	2023228.323835420156261702
3217920	1487463208	2022723.574970414802545445
3218880	1487477903	2022723.574970414802545445
3219840	1487491233	2022723.574970414802545445
3220800	1487504328	2022723.574970414802545445
3221760	1487518040	2022270.032512004194858373
3222720	1487531913	2022270.032512004194858373
3223680	1487545606	2022270.032512004194858373
3224640	1487558856	2022259.669634050193523669
3225600	1487573204	2022221.959821818586775949
3226560	1487587134	2022221.959821818586775949
3227520	1487600630	2022221.959821818586775949
3228480	1487614716	2022221.959821818586775949
3229440	1487628359	2022221.959821818586775949
3230400	1487641393	2022221.959821818586775949
3231360	1487654675	2022221.959821818586775949
3232320	1487668597	2022221.959821818586775949
3233280	1487682709	2022221.959821818586775949
3234240	1487696136	2020809.940100626815392902
3235200	1487709135	2020809.940100626815392902
3236160	1487722992	2020809.940100626815392902
3237120	1487737055	2020809.940100626815392902
3238080	1487750726	2020809.940100626815392902
3239040	1487764650	2020809.940100626815392902
3240000	1487778055	2020809.940100626815392902
3240960	1487791834	2020727.253764914640733112
3241920	1487805039	2020712.623363030427581917
3242880	1487818631	2020327.747961100454120147
3243840	1487832442	2020327.747961100454120147
3244800	1487846153	2020303.363957960098868155
3245760	1487860037	2020303.363957960098868155
3246720	1487873578	2020303.363957960098868155
3247680	1487886904	2020303.363957960098868155
3248640	1487900070	2020303.363957960098868155
3249600	1487914994	2020303.363957960098868155
3250560	1487928547	2020266.911871667849969015
3251520	1487942195	2020266.911871667849969015
3252480	1487955545	2020266.911871667849969015
3253440	1487969246	2020248.775180834522347247
3254400	1487983609	2020248.775180834522347247
3255360	1487997293	2020248.775180834522347247
3256320	1488010785	2020248.775180834522347247
3257280	1488023815	2020248.775180834522347247
3258240	1488037879	2019374.768783371007392021
3259200	1488051268	2019374.132043709661823208
3260160	1488065836	2018862.067977762201531353
3261120	1488079761	2018862.067977762201531353
3262080	1488092793	2018862.067977762201531353
3263040	1488106549	2018373.75262291925581826
3264000	1488119172	2018373.75262291925581826
3264960	1488133260	2018373.75262291925581826
3265920	1488147062	2018373.75262291925581826
3266880	1488160912	2018373.75262291925581826
3267840	1488174877	2018298.339039774683369345
3268800	1488188434	2018256.737864194840005791
3269760	1488202186	2018256.737864194840005791
3270720	1488216385	2018256.737864194840005791
3271680	1488230825	2018117.584094309598335618
3272640	1488245018	2017866.568199124741270103
3273600	1488259121	2017822.684308673043923091
3274560	1488272381	2017752.458379628820797351
3275520	1488286200	2017728.305843672787920518
3276480	1488299013	2016265.302450712218985359
3277440	1488313026	2012336.218212309145152423
3278400	1488326804	2012336.218212309145152423
3279360	1488340939	2012322.392482528563724543
3280320	1488354574	2012322.392482528563724543
3281280	1488368239	2012322.392482528563724543
3282240	1488382040	2012322.392482528563724543
3283200	1488394612	2012322.392482528563724543
3284160	1488408357	2012322.392482528563724543
3285120	1488422948	2012322.392482528563724543
3286080	1488437042	2012322.392482528563724543
3287040	1488450336	2012322.392482528563724543
3288000	1488464082	2011590.87238831790616475
3288960	1488477805	2009396.312105685933485371
3289920	1488492505	2009396.312105685933485371
3290880	1488506589	2009396.312105685933485371
3291840	1488520158	2009396.312105685933485371
3292800	1488533286	2009249.276566749591315853
3293760	1488547174	2009249.276566749591315853
3294720	1488560348	2009249.276566749591315853
3295680	1488575002	2009220.015762981165013462
3296640	1488588102	2009220.015762981165013462
3297600	1488601762	2009220.015762981165013462
3298560	1488616013	2009073.711744139033501504
3299520	1488629549	2009066.396543196926925907
3300480	1488642688	2009066.396543196926925907
3301440	1488655702	2009017.628536916216421922
3302400	1488668932	2009017.628536916216421922
3303360	1488682373	2009017.628536916216421922
3304320	1488696128	2009017.628536916216421922
3305280	1488709914	2009017.628536916216421922
3306240	1488723798	2009017.628536916216421922
3307200	1488737452	2009017.628536916216421922
3308160	1488751078	2008408.153381379088666245
3309120	1488764857	2008349.631773842236061462
3310080	1488778667	2008349.631773842236061462
3311040	1488792113	2008349.631773842236061462
3312000	1488806035	2008349.631773842236061462
3312960	1488819447	2008330.748955509335263119
3313920	1488833311	2008330.748955509335263119
3314880	1488846785	2008330.748955509335263119
3315840	1488860013	2008330.748955509335263119
3316800	1488874202	2007663.114949526408463548
3317760	1488887829	2007586.457050540784412665
3318720	1488901508	2007586.457050540784412665
3319680	1488915598	2007586.457050540784412665
3320640	1488929135	2007586.457050540784412665
3321600	1488942634	2007586.457050540784412665
3322560	1488956392	2007586.457050540784412665
3323520	1488969632	2007586.457050540784412665
3324480	1488982841	2007586.457050540784412665
3325440	1488994462	2007586.457050540784412665
3326400	1489008101	2007571.828111696759682785
3327360	1489022264	2007282.703503032547409154
3328320	1489036554	2007282.703503032547409154
3329280	1489050338	2007282.703503032547409154
3330240	1489064209	2007252.611664507660602812
3331200	1489078307	2007252.611664507660602812
3332160	1489091599	2007252.611664507660602812
3333120	1489105333	2007252.611664507660602812
3334080	1489118870	2007252.611664507660602812
3335040	1489133131	2007252.611664507660602812
3336000	1489146512	2007252.611664507660602812
3336960	1489160292	2007252.611664507660602812
3337920	1489173580	2007252.611664507660602812
3338880	1489187478	2007138.277783116217087913
3339840	1489201642	2007100.975378952133026967
3340800	1489215556	2007100.975378952133026967
3341760	1489229416	2007035.358026501437043854
3342720	1489243668	2006547.682840494960075042
3343680	1489257590	2005051.850601304983569753
3344640	1489271023	2005051.850601304983569753
3345600	1489284473	2005015.273512613344688527
3346560	1489297170	2005015.273512613344688527
3347520	1489311452	2005015.273512613344688527
3348480	1489324524	2004722.66547492908166461
3349440	1489338300	2004604.177976592447720888
3350400	1489351702	2004377.406747387143877352
3351360	1489365311	2004304.254737966078121373
3352320	1489379773	2004229.239790705089224143
3353280	1489393624	2004136.981685122448236443
3354240	1489408030	2004136.981685122448236443
3355200	1489422272	2004133.324084651394948645
3356160	1489436980	2003956.24779017721290668
3357120	1489450664	2003892.452665830922599011
3358080	1489465137	2003892.452665830922599011
3359040	1489479438	2003873.320601828490016679
3360000	1489493832	2003843.747582001551376233
3360960	1489508242	2003813.441749527109848758
3361920	1489522458	2003313.946528834723582251
3362880	1489536593	2003313.946528834723582251
3363840	1489550844	2003313.946528834723582251
3364800	1489564592	2003313.946528834723582251
3365760	1489578629	2003312.429852093378549319
3366720	1489593194	2003296.212636820803639745
3367680	1489607564	2003291.823516255539694387
3368640	1489621760	2003169.621192305328448423
3369600	1489635461	2002507.362431619187850257
3370560	1489650199	2002390.700879203331679418
3371520	1489664299	2002096.634542912224396906
3372480	1489679306	2000378.303845811108579409
3373440	1489694818	2000378.303845811108579409
3374400	1489709376	2000378.303845811108579409
3375360	1489724295	2000364.904708138185435879
3376320	1489738390	2000364.904708138185435879
3377280	1489753441	2000364.904708138185435879
3378240	1489767687	2000364.904708138185435879
3379200	1489782261	2000342.959105311865709086
3380160	1489796215	2000091.150666959934441039
3381120	1489810202	2000091.150666959934441039
3382080	1489824094	2000091.150666959934441039
3383040	1489838335	2000091.150666959934441039
3384000	1489852586	2000091.150666959934441039
3384960	1489866537	2000091.150666959934441039
3385920	1489879922	2000091.150666959934441039
3386880	1489894227	2000091.150666959934441039
3387840	1489908697	2000091.150666959934441039
3388800	1489923011	2000091.150666959934441039
3389760	1489938039	1999972.71486912997132562
3390720	1489951991	1999972.71486912997132562
3391680	1489965609	1999739.174017752461005967
3392640	1489979704	1999728.810066188833998211
3393600	1489994196	1999728.810066188833998211
3394560	1490008920	1999696.705102438243028538
3395520	1490022990	1999690.233963143302596279
3396480	1490037284	1999674.446675085341745749
3397440	1490051936	1999558.677524625272176247
3398400	1490065604	1999501.703458751882661852
3399360	1490080140	1998697.03135512015934608
3400320	1490094016	1998697.03135512015934608
3401280	1490108578	1997960.226028228829785418
3402240	1490121110	1996704.464496902418520925
3403200	1490134187	1996582.771244320660674675
3404160	1490147307	1996441.276126343555816837
3405120	1490160021	1996441.276126343555816837
3406080	1490172297	1996404.448337276327456389
3407040	1490185413	1996404.448337276327456389
3408000	1490201129	1996404.448337276327456389
3408960	1490216558	1995871.184087478548097794
3409920	1490232062	1995792.359366612606695098
3410880	1490245641	1995792.359366612606695098
3411840	1490260144	1995752.380203202919888462
3412800	1490273520	1995752.380203202919888462
3413760	1490287834	1995600.384187166026105225
3414720	1490302178	1995600.384187166026105225
3415680	1490316885	1990871.83829818833563872
3416640	1490331037	1990871.83829818833563872
3417600	1490344142	1990860.153128569556399277
3418560	1490359438	1990860.153128569556399277
3419520	1490373618	1986783.350887414027224772
3420480	1490387856	1985935.787034839772233992
3421440	1490401803	1985788.089644389620421921
3422400	1490415770	1984788.764234645687133245
3423360	1490430364	1984458.01893871648792979
3424320	1490444685	1984075.073308980092810145
3425280	1490458831	1983957.139895514194968499
3426240	1490472615	1983781.426542181519451049
3427200	1490487584	1983675.933509504705673268
3428160	1490501540	1983446.428917242365194979
3429120	1490516748	1972473.635550803538115309
3430080	1490530716	1972458.578293645317732678
3431040	1490544315	1972348.67201144300655013
3432000	1490558965	1972267.627542199716880848
3432960	1490571977	1971891.699365784859960871
3433920	1490586676	1971891.699365784859960871
3434880	1490601216	1971888.486271792173559315
3435840	1490615001	1971888.486271792173559315
3436800	1490628906	1971778.490033626031017575
3437760	1490643565	1971758.276621431041629753
3438720	1490658225	1971001.240881251210423304
3439680	1490672540	1970852.103759057785712202
3440640	1490686847	1970852.103759057785712202
3441600	1490700673	1970848.438843385790317828
3442560	1490714946	1970832.375486619872645322
3443520	1490728793	1970798.242759024003363583
3444480	1490742853	1970753.406841107431431392
3445440	1490757486	1962965.670634526820482541
3446400	1490771841	1962880.417853340429809011
3447360	1490785759	1962880.417853340036775967
3448320	1490799895	1962880.369922953524740435
3449280	1490813083	1962855.384365520696528099
3450240	1490827239	1962845.571481146550221655
3451200	1490841623	1962839.060952308075369373
3452160	1490856289	1962839.060952308075369373
3453120	1490870231	1962839.060952308075369373
3454080	1490884106	1962838.329432213864711814
3455040	1490897474	1962798.763252223412180081
3456000	1490911317	1962783.756208831979145242
3456960	1490923706	1962749.698474850294184966
3457920	1490937435	1955434.49753274371858703
3458880	1490950945	1955431.710789527677986803
3459840	1490964060	1955214.831983907264410244
3460800	1490976811	1805647.232304673675492054
3461760	1490990851	1805406.44318861006742546
3462720	1491004772	1805406.44318861006742546
3463680	1491019290	1805406.44318861006742546
3464640	1491033701	1805406.44318861006742546
3465600	1491047668	1805406.44318861006742546
3466560	1491061531	1805074.599073145414586974
3467520	1491075390	1805074.599073145414586974
3468480	1491090540	1804913.66465241906992382
3469440	1491104451	1804913.66465241906992382
3470400	1491118338	1804849.821945302013278018
3471360	1491132396	1731694.169554167088224011
3472320	1491146463	1731415.589956911532228149
3473280	1491160025	1731400.113994482712056797
3474240	1491174372	1731325.353815438053017905
3475200	1491188234	1731323.479730625265714253
3476160	1491202278	1731323.479730625265714253
3477120	1491216514	1731323.479730625265714253
3478080	1491230007	1731292.755886668418096743
3479040	1491243753	1731218.793601366601405373
3480000	1491257963	1731208.34331430644915452
3480960	1491271429	1731198.908729059771780539
3481920	1491285838	1731155.017523407132326952
3482880	1491299475	1730943.469189894057842152
3483840	1491313237	1730335.006070949784562773
3484800	1491327080	1729937.947034097122337069
3485760	1491340978	1729417.337483412746636448
3486720	1491355466	1729372.905699865510042794
3487680	1491369638	1729372.101027761878319479
3488640	1491384138	1729286.215150034182598572
3489600	1491397915	1729286.215150034182598572
3490560	1491412277	1729286.215150034182598572
3491520	1491425445	1729286.215150034182598572
3492480	1491439001	1728735.249433316057313039
3493440	1491452971	1728735.249433316057313039
3494400	1491466585	1728580.387554282125052142
3495360	1491480438	1728550.972341586621950079
3496320	1491494193	1728550.972341586621950079
3497280	1491508068	1728236.001763695680893573
3498240	1491522299	1727162.931033842167340596
3499200	1491536793	1726881.450442250346884547
3500160	1491550600	1726807.21715160892670078
3501120	1491565007	1726658.614978265948421863
3502080	1491578681	1717513.088813932841671842
3503040	1491592593	1709910.783678281728678157
3504000	1491606986	1708054.627011237550333853
3504960	1491620240	1707540.391480963884464446
3505920	1491634161	1707419.175466267060461115
3506880	1491648214	1707190.590182288337569539
3507840	1491662481	1705186.989246780856823173
3508800	1491676062	1693433.657435557744563859
3509760	1491689564	1692349.188567064526147782
3510720	1491704004	1690652.427572561598414517
3511680	1491718037	1690164.747509754493374656
3512640	1491732311	1689934.745306877657252613
3513600	1491746019	1689717.653889062813025897
3514560	1491760232	1689717.653889062813025897
3515520	1491774244	1689298.637222909155450993
3516480	1491787746	1688648.087541045864411909
3517440	1491802207	1688500.572049768598828011
3518400	1491816172	1687929.408924414772990306
3519360	1491830196	1687019.283411515163224448
3520320	1491844170	1678788.125910851862304584
3521280	1491857886	1678186.701616681793453341
3522240	1491872247	1677260.707666658306442774
3523200	1491886331	1674884.19976670026245083
3524160	1491900509	1665648.744251296739459684
3525120	1491914012	1663943.212466845533465602
3526080	1491928244	1663314.252337291176398745
3527040	1491942152	1662076.751511040587286927
3528000	1491956628	1660902.899652364016992924
3528960	1491970037	1659948.172983558735822855
3529920	1491983996	1659323.958233517074365761
3530880	1491998267	1657959.64933007926951749
3531840	1492011401	1644407.695399761815297755
3532800	1492025261	1644042.78861924725936013
3533760	1492039898	1641935.925826710975340107
3534720	1492054427	1619527.989800313480092181
3535680	1492068376	1612861.72746381248571546
3536640	1492082164	1612810.114454365271913951
3537600	1492095563	1610452.170494859784357804
3538560	1492110168	1609982.271038430189888143
3539520	1492124858	1607462.97589889572024385
3540480	1492139827	1606190.399812735841385401
